Cartoon_Heroes 1 100
Milhouse Doofershmitz 1 18 1 1971 11
3.00 6.40 3.70 0.50 2.00 7.50 6.10 8.10 8.50 6.50 9.20
Peter Simpson 1 8 2 1971 5
8.00 7.20 2.50 9.10 0.80
Marge Fry 0 14 3 1971 11
6.50 0.90 0.00 6.10 3.80 9.30 4.40 6.00 6.60 1.80 4.90
Fred Jones 1 12 7 1971 10
5.90 0.50 1.20 0.90 8.90 1.70 3.30 0.70 6.60 0.20
Steve Simpson 1 20 8 1971 8
1.10 1.20 3.30 9.70 2.30 3.00 4.80 4.30
Rick Star 1 20 4 1972 3
4.20 1.90 7.00
Meg Fry 0 3 6 1972 6
2.40 6.60 6.20 9.00 4.90 3.10
Candace Skinner 0 1 1 1973 3
5.20 5.20 0.60
Marge Griffin 0 23 11 1973 10
7.40 5.70 9.80 3.00 2.20 3.60 7.10 5.50 4.00 2.60
Sandy Goldman 0 14 1 1974 5
7.00 3.10 3.30 7.00 9.50
Shaggy Blake 1 7 4 1974 5
2.10 4.30 2.60 0.50 4.90
Daphnie Rogers 0 22 11 1974 5
2.80 8.80 7.40 0.00 5.90
Shaggy Flynn 1 11 3 1975 11
5.60 6.00 7.20 7.20 6.40 7.10 3.20 1.60 3.80 3.20 8.60
Leela Dinkley 0 7 8 1975 11
0.70 7.40 3.10 3.60 3.00 1.90 0.40 2.90 3.10 4.80 2.00
Scooby Squarepants 1 17 2 1976 9
0.50 9.40 6.30 4.90 0.50 3.90 1.20 8.80 1.80
Leela Van_Houten 0 7 7 1977 5
0.90 5.40 3.20 5.60 0.80
Leela Doofershmitz 0 11 8 1977 12
7.20 2.80 2.90 4.40 8.20 7.20 5.80 4.70 3.90 5.10 9.00 2.80
Patrick Blake 1 15 2 1978 10
3.00 3.80 2.50 2.00 3.70 2.90 7.50 3.40 3.20 1.10
Hubert Quagmire 1 5 5 1978 3
7.00 5.60 7.30
Meg Van_Houten 0 25 11 1978 8
2.20 9.00 5.10 8.30 6.80 8.60 1.60 6.70
Rick Swanson 1 28 2 1980 5
8.20 8.90 0.70 8.10 5.80
Fred Fry 1 2 3 1980 10
4.70 6.60 3.00 9.00 8.00 1.50 1.00 3.90 5.80 9.60
Philip Swanson 1 16 3 1980 8
7.90 0.40 8.70 4.00 2.30 5.40 1.60 6.40
Velma Flanders 0 30 4 1980 7
2.00 8.70 8.70 3.00 7.60 4.20 1.90
Philip Swanson 1 27 8 1980 11
3.40 8.40 9.90 2.50 5.30 3.30 7.40 3.80 0.80 8.00 6.80
Fred Star 1 27 6 1981 5
4.50 8.80 1.20 1.40 9.80
Meg Star 0 16 4 1982 3
5.90 0.90 3.50
Chris Van_Houten 1 16 4 1982 4
4.20 5.30 8.90 2.80
Leela Squarepants 0 18 4 1982 6
0.00 4.80 3.00 1.20 9.00 3.80
Heinz Flynn 1 10 7 1982 5
7.90 5.40 3.10 2.30 3.40
Daphnie Sanchez 0 20 9 1982 12
5.80 9.00 0.00 7.20 5.50 2.10 4.80 6.40 6.80 9.80 3.50 5.10
Sandy Rogers 0 29 10 1982 4
6.90 8.00 1.30 9.30
Marge Star 0 29 8 1983 7
1.30 0.40 1.70 7.20 1.30 1.30 1.50
Leela Dinkley 0 10 10 1983 11
3.80 6.90 8.60 6.20 3.80 2.60 2.70 5.70 8.20 7.80 0.20
Brian Star 1 30 10 1983 9
1.70 7.10 9.00 3.40 1.70 5.30 3.20 4.10 2.90
Lois Flynn 0 6 5 1985 12
2.30 7.30 1.50 7.80 5.80 3.20 4.10 1.50 9.50 1.00 6.40 5.30
Daphnie Star 0 11 8 1985 5
2.10 5.40 4.40 2.50 0.40
Fred Blake 1 15 2 1986 5
1.50 5.30 8.90 2.80 4.20
Phineaz Blake 1 15 2 1986 5
1.60 1.10 5.70 4.80 5.60
Patrick Rogers 1 25 6 1986 3
5.00 6.50 5.10
Velma Doo 0 2 11 1986 5
0.00 1.40 6.00 7.10 7.70
Daphnie Rogers 0 29 3 1987 7
6.70 9.30 4.70 8.80 1.60 3.80 7.60
Lisa Squarepants 0 6 3 1989 12
1.30 5.90 8.40 0.70 6.30 6.10 5.40 2.00 9.70 3.70 2.60 0.10
Meg Blake 0 13 12 1989 6
0.20 8.20 5.50 8.10 2.40 9.80
Bob Squarepants 1 10 12 1990 10
2.00 2.80 6.70 0.80 1.80 3.00 3.60 2.00 2.80 4.10
Fred Blake 1 5 6 1991 11
8.20 4.50 5.10 7.10 1.50 2.70 6.10 4.20 3.20 2.10 6.80
Ferb Griffin 1 3 11 1991 12
3.90 6.70 9.90 7.60 9.30 5.70 6.60 5.80 2.50 4.40 1.60 1.60
Patrick Doo 1 9 1 1992 12
9.30 7.60 5.80 7.80 9.70 7.10 6.50 0.10 3.20 6.00 5.70 4.40
Sandy Brown 0 10 1 1992 12
5.30 2.50 2.50 8.60 7.70 2.20 9.40 1.90 6.90 8.20 5.50 4.90
Lisa Squarepants 0 4 2 1992 10
4.60 3.60 5.20 8.10 0.30 1.50 5.20 2.10 7.40 8.20
Chris Fansworth 1 26 2 1992 10
1.30 7.10 2.70 5.30 4.40 5.50 1.40 1.20 6.60 3.30
Philip Griffin 1 7 8 1992 9
8.80 9.80 7.00 7.90 1.50 8.60 3.90 4.50 3.80
Lois Swanson 0 23 10 1992 6
1.60 8.80 2.70 7.10 2.60 0.40
Lisa Brown 0 30 12 1992 8
0.30 4.00 1.50 3.40 2.30 2.90 4.90 2.40
Daphnie Sanchez 0 13 11 1993 6
6.20 8.20 3.40 3.40 3.60 8.40
Scooby Doo 1 4 2 1994 8
6.90 5.90 8.80 3.90 5.10 3.60 2.80 8.10
Hubert Fansworth 1 25 4 1994 6
9.20 7.20 1.70 6.10 7.30 0.60
Heinz Fansworth 1 30 6 1994 12
8.10 8.20 6.60 0.30 8.00 1.20 5.00 9.40 7.80 3.50 1.20 0.10
Scooby Dinkley 1 19 11 1994 10
4.80 1.40 3.50 5.20 6.80 9.20 9.50 9.40 5.00 5.80
Rick Flynn 1 9 12 1994 8
8.50 8.70 3.30 1.00 8.10 0.90 2.40 9.10
Morty Rogers 1 30 7 1995 7
4.30 5.80 4.10 0.30 3.40 0.60 7.50
Rick Simpson 1 14 2 1996 11
2.50 3.60 1.80 6.20 1.40 6.20 9.10 5.00 3.60 4.90 2.90
Steve Skinner 1 6 5 1996 3
8.90 3.60 0.60
Lois Doo 0 22 7 1996 10
0.40 8.80 1.30 6.70 8.90 5.50 5.60 6.30 0.00 8.80
Lois Doo 0 19 6 1997 6
9.40 8.30 9.70 6.40 5.80 6.10
Chris Flanders 1 11 12 1997 10
4.10 2.10 8.30 5.70 1.40 7.60 8.20 3.00 2.70 8.80
Philip Griffin 1 30 1 1998 10
9.30 9.10 8.20 8.00 1.80 4.80 6.00 9.30 0.00 8.70
Velma Jones 0 16 2 1998 12
2.30 7.20 7.90 3.60 3.80 1.00 6.80 7.60 5.10 2.90 5.60 1.50
Lisa Swanson 0 18 2 1998 8
5.40 0.30 4.10 2.20 9.80 2.20 7.80 5.80
Sandy Jones 0 9 2 1999 12
8.70 5.60 4.80 6.80 7.80 0.90 5.60 9.00 0.10 3.50 5.80 0.10
Marge Brown 0 11 4 1999 12
2.10 3.30 5.20 9.00 4.80 5.70 3.30 0.30 0.30 2.10 1.00 8.10
Bob Griffin 1 1 5 1999 11
8.00 5.10 4.30 6.30 9.20 1.90 8.20 3.40 0.20 3.10 9.80
Scooby Griffin 1 15 12 1999 5
7.70 9.30 1.90 8.60 5.00
Brian Van_Houten 1 16 5 2000 8
4.20 5.30 2.60 8.20 6.60 3.90 4.50 6.20
Bob Griffin 1 18 11 2000 6
4.10 0.40 8.50 9.20 5.40 1.30
Shaggy Rogers 1 10 6 2001 9
3.40 2.80 8.70 5.80 1.20 5.70 4.40 4.40 4.20
Lisa Fansworth 0 18 9 2002 10
5.00 0.40 5.40 9.50 6.40 8.20 1.60 8.30 1.40 8.40
Sandy Goldman 0 26 1 2003 3
5.50 2.70 6.70
Lois Fletcher 0 31 5 2003 5
2.00 1.10 7.50 9.10 8.10
Marge Flanders 0 5 12 2003 3
7.60 0.10 2.90
Patrick Squarepants 1 12 10 2004 5
2.20 6.40 0.70 0.30 4.00
Heinz Van_Houten 1 22 11 2004 5
0.10 2.70 7.00 2.40 1.00
Patrick Fry 1 21 12 2004 7
0.70 9.00 8.10 4.00 7.90 5.30 8.20
Sandy Quagmire 0 7 2 2005 8
3.80 3.20 7.00 6.80 0.10 1.90 5.30 6.30
Chris Griffin 1 19 3 2005 4
7.90 0.30 5.20 9.10
Lois Goldman 0 3 5 2005 4
3.20 8.10 6.40 6.70
Steve Simpson 1 11 5 2005 12
3.50 9.70 9.80 0.10 4.70 5.50 5.00 9.20 8.20 4.50 0.40 4.00
Scooby Flanders 1 7 7 2005 7
7.20 1.40 9.90 0.30 0.30 5.00 7.60
Marge Fry 0 30 9 2005 11
6.20 6.50 3.90 2.40 6.10 8.20 1.10 9.70 6.20 9.50 2.00
Fred Rogers 1 20 12 2005 5
6.30 1.50 9.70 0.20 6.10
Scooby Brown 1 11 12 2006 11
3.80 7.20 6.90 3.80 1.00 3.30 8.40 8.00 1.50 4.10 3.70
Philip Flanders 1 25 12 2006 3
7.50 5.30 1.80
Scooby Dinkley 1 2 1 2007 7
4.60 2.60 8.20 5.50 1.00 1.50 1.70
Lois Fletcher 0 19 6 2007 8
9.30 0.20 5.10 5.70 7.90 4.10 7.80 5.70
Peter Brown 1 17 7 2007 4
9.50 5.70 4.70 3.40
Homer Fry 1 10 8 2007 5
6.60 5.80 4.00 3.70 8.30
Candace Blake 0 19 10 2007 12
8.40 1.40 3.90 8.80 0.80 7.70 8.30 8.30 7.10 0.70 3.40 9.60
Leela Griffin 0 19 1 2008 12
3.00 7.40 7.80 3.70 1.00 0.80 3.40 5.00 1.40 5.60 2.00 3.50
Candace Blake 0 28 7 2008 10
1.90 1.60 2.70 2.70 6.50 1.30 9.90 5.90 2.60 5.30
Hubert Fry 1 3 5 2010 8
6.60 6.60 6.70 1.40 0.60 1.20 1.40 9.50
